82 4 217 
138 25 245 
123 139 161 
249 215 128 
236 223 18 
69 114 11 
143 9 185 
191 27 175 
38 153 104 
116 19 93 
189 211 34 
245 235 166 
208 182 131 
141 77 229 
70 147 139 
122 221 15 
148 35 203 
201 34 140 
159 94 105 
222 110 230 
56 134 128 
211 64 55 
74 28 179 
50 156 156 
18 197 28 
181 64 17 
243 56 218 
17 198 137 
203 216 232 
254 26 26 
206 137 7 
238 195 151 
87 210 220 
55 236 240 
47 127 152 
160 64 43 
51 45 188 
136 235 220 
106 145 220 
42 94 87 
225 86 112 
166 169 31 
236 229 13 
207 139 62 
160 120 162 
255 136 126 
154 64 141 
85 160 199 
112 140 157 
40 126 11 
